  ECMWF Hybrid Coordinates 32 Levels
  32
   1           0.0000    0.0000
   2        2000.0000    0.0000
   3        4000.0000    0.0000
   4        6000.0000    0.0000
   5        8000.0000    0.0000
   6        9976.1367    0.0004
   7       11820.5391    0.0029
   8       13431.3945    0.0092
   9       14736.3555    0.0203
  10       15689.2070    0.0370
  11       16266.6094    0.0595
  12       16465.0039    0.0879
  13       16297.6211    0.1220
  14       15791.5977    0.1614
  15       14985.2695    0.2057
  16       13925.5195    0.2542
  17       12665.2930    0.3062
  18       11261.2305    0.3611
  19        9771.4063    0.4182
  20        8253.2109    0.4767
  21        6761.3398    0.5359
  22        5345.9141    0.5951
  23        4050.7178    0.6536
  24        2911.5693    0.7106
  25        1954.8052    0.7654
  26        1195.8899    0.8172
  27         638.1489    0.8650
  28         271.6265    0.9077
  29          72.0636    0.9442
  30           0.0000    0.9730
  31           0.0000    0.9923
  32           0.0000    1.0000
